static_friction = 0.000000
dynamic_friction = 0.000000
restitution = 0.100000
