static_friction = 0.500000
dynamic_friction = 0.500000
restitution = 1.000000
