
lod_count = 1
root_motion_bone = "mixamorig:Hips"
lod0_distance = 5000.000000
lod1_distance = 10000.009766
lod2_distance = 10000.019531
lod3_distance = 10000.029297